%YAML:1.0
camera_matrix: !!opencv-matrix
   rows: 3
   cols: 3
   dt: d
   data: [ 5.2328620911415248e+02, 0., 3.2369753136333696e+02, 0.,
       5.2235718557065968e+02, 2.6359588881982057e+02, 0., 0., 1. ]
distortion_coefficients: !!opencv-matrix
   rows: 1
   cols: 5
   dt: d
   data: [ 2.6657173824590663e-01, -9.6775272072260554e-01,
       4.1539005605110250e-03, -1.0324942795815202e-03,
       1.2767965408110373e+00 ]
rectification_matrix: !!opencv-matrix
   rows: 3
   cols: 3
   dt: f
   data: [ 1., 0., 0., 0., 1., 0., 0., 0., 1. ]
projection_matrix: !!opencv-matrix
   rows: 4
   cols: 4
   dt: f
   data: [ 5.19392456e+02, 3.06834102e+00, -3.29894867e+02,
       -1.27535763e+01, 1.69626212e+00, -5.23733704e+02, -2.60844635e+02,
       4.39365357e-01, -1.18467696e-02, -5.33354934e-03, -9.99915600e-01,
       1.94978458e-03, 0., 0., 0., 1. ]
